19.833333333333332
0.0
-0.49 3.1 1.17 
0.0 0.0 0.0 
1.0 1.0 1.0 
0.5
0.03 8.41 0.71 
0.0 0.0 0.0 
0.56 0.56 0.56 
1.0
0.03 8.41 0.71 
0.0 0.0 0.0 
0.56 0.56 0.56 
1.5
0.03 8.41 0.71 
0.0 0.0 0.0 
0.56 0.56 0.56 
2.0
0.03 8.41 0.71 
0.0 0.0 0.0 
0.56 0.56 0.56 
2.5
0.03 8.41 0.71 
0.0 0.0 0.0 
0.56 0.56 0.56 
3.0
0.03 8.41 0.71 
0.0 0.0 0.0 
0.56 0.56 0.56 
3.5
0.03 8.41 0.71 
0.0 0.0 0.0 
0.56 0.56 0.56 
4.0
0.03 8.41 0.71 
0.0 0.0 0.0 
0.56 0.56 0.56 
4.5
0.03 8.41 0.71 
0.0 0.0 0.0 
0.56 0.56 0.56 
4.75
0.03 8.41 0.71 
0.0 0.0 0.0 
0.56 0.56 0.56 
5.0
0.03 8.41 0.71 
0.0 0.0 0.0 
0.56 0.56 0.56 
5.666666666666667
0.03 8.41 0.71 
0.0 0.0 0.0 
0.56 0.56 0.56 
6.666666666666667
0.03 8.41 0.71 
0.0 0.0 0.0 
0.56 0.56 0.56 
7.666666666666667
0.03 8.78 2.59 
0.0 0.0 0.0 
0.56 0.56 0.56 
8.166666666666666
-0.16 7.66 3.78 
0.0 0.0 0.0 
0.56 0.56 0.56 
8.666666666666666
-0.16 5.25 5.22 
0.0 0.0 0.0 
0.56 0.56 0.56 
9.166666666666666
-0.16 -0.71 8.07 
0.0 0.0 0.0 
0.56 0.56 0.56 
10.166666666666666
-0.16 -3.6 7.69 
0.0 0.0 0.0 
0.56 0.56 0.56 
11.166666666666666
-0.16 2.33 6.67 
0.0 0.0 0.0 
0.56 0.56 0.56 
11.666666666666666
-0.16 8.53 4.87 
0.0 0.0 0.0 
0.56 0.56 0.56 
12.166666666666666
-0.24 11.25 4.56 
0.0 0.0 0.0 
0.56 0.56 0.56 
12.666666666666666
-0.24 14.68 6.46 
0.0 0.0 0.0 
0.56 0.56 0.56 
13.166666666666666
-0.24 18.2 5.87 
0.0 0.0 0.0 
0.56 0.56 0.56 
13.666666666666666
-0.24 18.36 2.91 
0.0 0.0 0.0 
0.56 0.56 0.56 
14.166666666666666
-0.24 18.36 0.48 
0.0 0.0 0.0 
0.56 0.56 0.56 
14.666666666666666
-0.24 14.79 0.48 
2.27 -0.08 -1.22 
0.56 0.56 0.56 
15.791666666666666
-0.24 7.98 0.48 
5.5 -4.08 -4.85 
0.56 0.56 0.56 
16.25
-0.24 7.98 0.48 
5.5 -4.08 -4.85 
0.56 0.56 0.56 
17.0
-4.49 7.98 8.58 
5.5 -4.08 -4.85 
0.56 0.56 0.56 
17.541666666666668
-4.49 7.98 12.03 
3.71 -2.89 -7.29 
0.56 0.56 0.56 
17.958333333333332
-4.49 7.98 14.65 
3.71 -2.89 -7.29 
0.56 0.56 0.56 
18.166666666666668
-4.49 7.98 15.15 
3.71 -2.89 -7.29 
0.56 0.56 0.56 
18.458333333333332
-0.11 18.19 5.9 
3.71 -2.89 -7.29 
0.56 0.56 0.56 
18.958333333333332
-0.11 18.19 0.99 
3.71 -2.89 -7.29 
0.56 0.56 0.56 
19.666666666666668
-0.11 18.19 0.99 
3.71 -2.89 -7.29 
0.56 0.56 0.56 
