19.833333333333332
0.0
1.05 0.41 1.33 
0.0 0.0 0.0 
1.0 1.0 1.0 
0.5
1.05 0.41 1.33 
0.0 0.0 0.0 
1.0 1.0 1.0 
1.0
1.05 0.41 1.33 
-1.53 -0.12 -0.09 
1.0 1.0 1.0 
1.5
1.05 0.41 1.33 
0.76 -0.08 0.01 
1.0 1.0 1.0 
2.0
1.05 0.41 1.33 
-1.29 0.05 -0.03 
1.0 1.0 1.0 
2.5
1.05 0.41 1.33 
0.84 -0.05 -0.0 
1.0 1.0 1.0 
3.0
1.05 0.41 1.33 
-1.38 0.38 0.07 
1.0 1.0 1.0 
3.5
1.05 0.41 1.33 
0.78 0.01 -0.06 
1.0 1.0 1.0 
4.0
1.05 0.41 1.33 
0.0 0.0 0.0 
1.0 1.0 1.0 
4.5
1.05 0.41 1.33 
-1.45 -0.12 -0.07 
1.0 1.0 1.0 
4.75
1.05 0.41 1.33 
0.69 0.03 0.02 
1.0 1.0 1.0 
5.0
1.05 0.41 1.33 
-0.92 -0.05 0.01 
1.0 1.0 1.0 
5.666666666666667
1.05 0.41 1.33 
0.0 0.0 0.0 
1.0 1.0 1.0 
6.666666666666667
1.05 0.41 1.33 
0.0 0.0 0.0 
1.0 1.0 1.0 
7.666666666666667
1.05 0.41 1.33 
0.0 0.0 0.0 
1.0 1.0 1.0 
8.166666666666666
1.05 0.41 1.33 
-1.64 -0.03 -0.07 
1.0 1.0 1.0 
8.666666666666666
1.05 0.41 1.33 
0.7 0.06 -0.06 
1.0 1.0 1.0 
9.166666666666666
1.05 0.41 1.33 
-1.45 0.22 0.16 
1.0 1.0 1.0 
10.166666666666666
1.05 0.41 1.33 
0.63 -0.34 0.14 
1.0 1.0 1.0 
11.166666666666666
1.05 0.41 1.33 
-1.5 0.33 0.04 
1.0 1.0 1.0 
11.666666666666666
1.05 0.41 1.33 
0.56 -0.22 0.03 
1.0 1.0 1.0 
12.166666666666666
1.05 0.41 1.33 
-0.61 0.01 0.0 
1.0 1.0 1.0 
12.666666666666666
1.05 0.41 1.33 
0.0 0.0 0.0 
1.0 1.0 1.0 
13.166666666666666
1.05 0.41 1.33 
-0.75 -0.01 0.04 
1.0 1.0 1.0 
13.666666666666666
1.05 0.41 1.33 
0.0 0.0 0.0 
1.0 1.0 1.0 
14.166666666666666
1.05 0.41 1.33 
0.0 0.0 0.0 
1.0 1.0 1.0 
14.666666666666666
1.05 0.41 1.33 
0.0 0.0 0.0 
1.0 1.0 1.0 
15.791666666666666
1.05 0.41 1.33 
0.7 -0.12 0.28 
1.0 1.0 1.0 
16.25
1.05 0.41 1.33 
0.7 -0.12 0.28 
1.0 1.0 1.0 
17.0
1.05 0.41 1.33 
0.06 -0.2 -0.36 
1.0 1.0 1.0 
17.541666666666668
1.05 0.41 1.33 
0.06 -0.2 -0.36 
1.0 1.0 1.0 
17.958333333333332
1.05 0.41 1.33 
0.06 -0.2 -0.36 
1.0 1.0 1.0 
18.166666666666668
1.05 0.41 1.33 
0.06 -0.2 -0.36 
1.0 1.0 1.0 
18.458333333333332
1.05 0.41 1.33 
0.82 -0.16 0.3 
1.0 1.0 1.0 
18.958333333333332
1.05 0.41 1.33 
-0.01 0.3 0.22 
1.0 1.0 1.0 
19.666666666666668
1.05 0.41 1.33 
-0.01 0.3 0.22 
1.0 1.0 1.0 
