19.833333333333332
0.0
1.06 -0.69 1.51 
0.0 0.0 0.0 
1.0 1.0 1.0 
0.5
1.06 -0.69 1.51 
0.0 0.0 0.0 
1.0 1.0 1.0 
1.0
1.06 -0.69 1.51 
1.58 -0.09 0.12 
1.0 1.0 1.0 
1.5
1.06 -0.69 1.51 
-0.74 0.05 -0.06 
1.0 1.0 1.0 
2.0
1.06 -0.69 1.51 
1.4 -0.05 -0.04 
1.0 1.0 1.0 
2.5
1.06 -0.69 1.51 
-0.86 0.04 -0.04 
1.0 1.0 1.0 
3.0
1.06 -0.69 1.51 
1.47 0.26 -0.2 
1.0 1.0 1.0 
3.5
1.06 -0.69 1.51 
-0.58 0.02 0.04 
1.0 1.0 1.0 
4.0
1.06 -0.69 1.51 
0.0 0.0 0.04 
1.0 1.0 1.0 
4.5
1.06 -0.69 1.51 
1.37 -0.09 0.13 
1.0 1.0 1.0 
4.75
1.06 -0.69 1.51 
-0.75 -0.04 0.0 
1.0 1.0 1.0 
5.0
1.06 -0.69 1.51 
0.96 0.04 0.03 
1.0 1.0 1.0 
5.666666666666667
1.06 -0.69 1.51 
0.0 0.0 0.0 
1.0 1.0 1.0 
6.666666666666667
1.06 -0.69 1.51 
0.0 0.0 0.0 
1.0 1.0 1.0 
7.666666666666667
1.06 -0.69 1.51 
0.0 0.0 0.0 
1.0 1.0 1.0 
8.166666666666666
1.06 -0.69 1.51 
1.39 -0.06 0.03 
1.0 1.0 1.0 
8.666666666666666
1.06 -0.69 1.51 
-0.87 -0.0 0.11 
1.0 1.0 1.0 
9.166666666666666
1.06 -0.69 1.51 
1.59 0.3 -0.21 
1.0 1.0 1.0 
10.166666666666666
1.06 -0.69 1.51 
-0.71 -0.44 -0.14 
1.0 1.0 1.0 
11.166666666666666
1.06 -0.69 1.51 
1.45 0.24 -0.39 
1.0 1.0 1.0 
11.666666666666666
1.06 -0.69 1.51 
-0.57 -0.26 -0.17 
1.0 1.0 1.0 
12.166666666666666
1.06 -0.69 1.51 
0.41 -0.01 -0.01 
1.0 1.0 1.0 
12.666666666666666
1.06 -0.69 1.51 
0.0 0.0 0.0 
1.0 1.0 1.0 
13.166666666666666
1.06 -0.69 1.51 
0.78 0.04 -0.02 
1.0 1.0 1.0 
13.666666666666666
1.06 -0.69 1.51 
0.0 0.0 0.0 
1.0 1.0 1.0 
14.166666666666666
1.06 -0.69 1.51 
0.0 0.0 0.0 
1.0 1.0 1.0 
14.666666666666666
1.06 -0.69 1.51 
0.0 0.0 0.0 
1.0 1.0 1.0 
15.791666666666666
1.06 -0.69 1.51 
-0.7 -0.09 -0.29 
1.0 1.0 1.0 
16.25
1.06 -0.69 1.51 
-0.7 -0.09 -0.29 
1.0 1.0 1.0 
17.0
1.06 -0.69 1.51 
-0.25 -0.1 0.21 
1.0 1.0 1.0 
17.541666666666668
1.06 -0.69 1.51 
-0.25 -0.1 0.21 
1.0 1.0 1.0 
17.958333333333332
1.06 -0.69 1.51 
-0.25 -0.1 0.21 
1.0 1.0 1.0 
18.166666666666668
1.06 -0.69 1.51 
-0.25 -0.1 0.21 
1.0 1.0 1.0 
18.458333333333332
1.06 -0.69 1.51 
-0.91 -0.03 -0.18 
1.0 1.0 1.0 
18.958333333333332
1.06 -0.69 1.51 
-0.23 0.2 -0.03 
1.0 1.0 1.0 
19.666666666666668
1.06 -0.69 1.51 
-0.23 0.2 -0.03 
1.0 1.0 1.0 
