19.833333333333332
0.0
18.37 9.73 11.49 
0.25 -0.0 -0.62 
1.0 1.0 1.0 
0.5
19.35 33.45 11.88 
0.0 0.0 0.0 
1.0 1.0 1.0 
1.0
1.13 31.9 9.83 
-0.12 -0.4 0.3 
1.0 1.0 1.0 
1.5
-15.55 26.08 9.83 
-0.12 -0.4 1.43 
1.0 1.0 1.0 
2.0
-9.2 12.17 5.38 
-0.12 -0.4 1.43 
1.0 1.0 1.0 
2.5
-10.41 -2.36 5.38 
-0.12 -0.4 2.23 
1.0 1.0 1.0 
3.0
5.12 -6.18 4.34 
-0.12 -0.4 3.37 
1.0 1.0 1.0 
3.5
11.04 4.9 3.49 
-0.12 -0.4 4.98 
1.0 1.0 1.0 
4.0
7.63 15.35 1.69 
-0.12 -0.4 6.18 
1.0 1.0 1.0 
4.5
3.53 15.35 1.6 
0.0 0.0 0.0 
1.0 1.0 1.0 
4.75
3.53 15.35 1.6 
0.0 0.0 0.0 
1.0 1.0 1.0 
5.0
3.53 15.35 1.6 
0.0 0.0 0.0 
1.0 1.0 1.0 
5.666666666666667
3.53 15.35 0.26 
0.0 0.0 0.0 
1.0 1.0 1.0 
6.666666666666667
3.53 15.35 0.26 
0.0 0.0 0.0 
1.0 1.0 1.0 
7.666666666666667
3.53 15.35 0.26 
0.0 0.0 0.0 
1.0 1.0 1.0 
8.166666666666666
-4.75 10.73 3.3 
0.0 0.0 1.46 
1.0 1.0 1.0 
8.666666666666666
-8.43 -0.69 4.75 
0.01 -0.0 1.72 
1.0 1.0 1.0 
9.166666666666666
4.4 -4.7 4.75 
0.01 -0.0 3.23 
1.0 1.0 1.0 
10.166666666666666
4.4 -4.7 4.75 
0.01 -0.0 3.23 
1.0 1.0 1.0 
11.166666666666666
9.45 1.06 1.65 
0.01 -0.0 -1.65 
1.0 1.0 1.0 
11.666666666666666
9.12 7.14 1.65 
0.01 -0.0 -0.36 
1.0 1.0 1.0 
12.166666666666666
3.56 7.59 0.24 
0.01 -0.0 0.16 
1.0 1.0 1.0 
12.666666666666666
3.56 7.59 0.24 
0.0 0.0 0.0 
1.0 1.0 1.0 
13.166666666666666
3.56 7.59 0.24 
0.0 0.0 0.0 
1.0 1.0 1.0 
13.666666666666666
3.56 7.59 0.24 
0.0 0.0 0.0 
1.0 1.0 1.0 
14.166666666666666
3.56 7.59 0.24 
0.0 0.0 0.0 
1.0 1.0 1.0 
14.666666666666666
3.56 7.59 0.24 
0.0 0.0 0.0 
1.0 1.0 1.0 
15.791666666666666
1.29 7.88 -0.09 
-0.01 -0.33 -0.11 
1.0 1.0 1.0 
16.25
0.42 8.01 0.75 
0.13 0.25 -0.19 
1.0 1.0 1.0 
17.0
0.42 8.01 3.34 
0.28 0.54 -0.23 
1.0 1.0 1.0 
17.541666666666668
-1.82 7.21 12.76 
0.27 1.39 0.04 
1.0 1.0 1.0 
17.958333333333332
0.1 7.21 16.43 
0.28 2.68 -0.13 
1.0 1.0 1.0 
18.166666666666668
0.1 7.21 17.18 
0.28 2.68 -0.13 
1.0 1.0 1.0 
18.458333333333332
2.97 5.9 9.52 
0.74 3.69 -0.89 
1.0 1.0 1.0 
18.958333333333332
8.56 5.9 7.89 
0.1 2.66 -0.34 
1.0 1.0 1.0 
19.666666666666668
15.2 5.9 7.89 
-2.02 1.93 -2.01 
1.0 1.0 1.0 
