19.833333333333332
0.0
0.58 0.47 1.13 
0.0 0.0 -0.0 
1.0 1.0 1.0 
0.5
0.58 0.47 1.13 
0.0 0.0 -0.0 
1.0 1.0 1.0 
1.0
0.58 0.47 1.13 
0.83 -0.77 -0.79 
1.0 1.0 1.0 
1.5
0.58 0.47 1.13 
0.83 -0.77 -0.79 
1.0 1.0 1.0 
2.0
0.58 0.47 1.13 
0.83 -0.77 -0.79 
1.0 1.0 1.0 
2.5
0.58 0.47 1.13 
0.83 -0.77 -0.79 
1.0 1.0 1.0 
3.0
0.58 0.47 1.13 
0.83 -0.77 -0.79 
1.0 1.0 1.0 
3.5
0.58 0.47 1.13 
0.83 -0.77 -0.79 
1.0 1.0 1.0 
4.0
0.58 0.47 1.13 
0.0 0.0 0.0 
1.0 1.0 1.0 
4.5
0.58 0.47 1.13 
0.0 0.0 0.0 
1.0 1.0 1.0 
4.75
0.58 0.47 1.13 
0.0 0.0 0.0 
1.0 1.0 1.0 
5.0
0.58 0.47 1.13 
0.0 0.0 0.0 
1.0 1.0 1.0 
5.666666666666667
0.58 0.47 1.13 
0.0 0.0 0.0 
1.0 1.0 1.0 
6.666666666666667
0.58 0.47 1.13 
0.0 0.0 0.0 
1.0 1.0 1.0 
7.666666666666667
0.58 0.47 1.13 
0.0 0.0 0.0 
1.0 1.0 1.0 
8.166666666666666
0.58 0.47 1.13 
0.0 0.0 0.0 
1.0 1.0 1.0 
8.666666666666666
0.58 0.47 1.13 
0.0 0.0 0.0 
1.0 1.0 1.0 
9.166666666666666
0.58 0.47 1.13 
0.0 0.0 0.0 
1.0 1.0 1.0 
10.166666666666666
0.58 0.47 1.13 
0.0 0.0 0.0 
1.0 1.0 1.0 
11.166666666666666
0.58 0.47 1.13 
0.0 0.0 0.0 
1.0 1.0 1.0 
11.666666666666666
0.58 0.47 1.13 
0.0 0.0 0.0 
1.0 1.0 1.0 
12.166666666666666
0.58 0.47 1.13 
0.0 0.0 0.0 
1.0 1.0 1.0 
12.666666666666666
0.58 0.47 1.13 
0.0 0.0 0.0 
1.0 1.0 1.0 
13.166666666666666
0.58 0.47 1.13 
0.0 0.0 0.0 
1.0 1.0 1.0 
13.666666666666666
0.58 0.47 1.13 
0.0 0.0 0.0 
1.0 1.0 1.0 
14.166666666666666
0.58 0.47 1.13 
0.0 0.0 0.0 
1.0 1.0 1.0 
14.666666666666666
0.58 0.47 1.13 
0.0 0.0 0.0 
1.0 1.0 1.0 
15.791666666666666
0.58 0.47 1.13 
0.05 -0.74 -0.28 
1.0 1.0 1.0 
16.25
0.58 0.47 1.13 
-0.21 0.59 0.13 
1.0 1.0 1.0 
17.0
0.58 0.47 1.13 
0.0 0.0 0.0 
1.0 1.0 1.0 
17.541666666666668
0.58 0.47 1.13 
0.0 0.0 0.0 
1.0 1.0 1.0 
17.958333333333332
0.58 0.47 1.13 
0.0 0.0 0.0 
1.0 1.0 1.0 
18.166666666666668
0.58 0.47 1.13 
0.0 0.0 0.0 
1.0 1.0 1.0 
18.458333333333332
0.58 0.47 1.13 
0.0 0.0 0.0 
1.0 1.0 1.0 
18.958333333333332
0.58 0.47 1.13 
0.0 0.0 0.0 
1.0 1.0 1.0 
19.666666666666668
0.58 0.47 1.13 
0.0 0.0 0.0 
1.0 1.0 1.0 
