19.833333333333332
0.0
2.05 0.54 1.07 
0.0 0.0 0.0 
1.0 1.0 1.0 
0.5
2.05 0.54 1.07 
0.0 0.0 -0.0 
1.0 1.0 1.0 
1.0
2.05 0.54 1.07 
0.66 -0.71 -0.63 
1.0 1.0 1.0 
1.5
2.05 0.54 1.07 
0.66 -0.71 -0.63 
1.0 1.0 1.0 
2.0
2.05 0.54 1.07 
0.66 -0.71 -0.63 
1.0 1.0 1.0 
2.5
2.05 0.54 1.07 
0.66 -0.71 -0.63 
1.0 1.0 1.0 
3.0
2.05 0.54 1.07 
0.66 -0.71 -0.63 
1.0 1.0 1.0 
3.5
2.05 0.54 1.07 
0.66 -0.71 -0.63 
1.0 1.0 1.0 
4.0
2.05 0.54 1.07 
0.66 -0.71 -0.63 
1.0 1.0 1.0 
4.5
2.05 0.54 1.07 
0.66 -0.71 -0.63 
1.0 1.0 1.0 
4.75
2.05 0.54 1.07 
0.66 -0.71 -0.63 
1.0 1.0 1.0 
5.0
2.05 0.54 1.07 
0.66 -0.71 -0.63 
1.0 1.0 1.0 
5.666666666666667
2.05 0.54 1.07 
0.66 -0.71 -0.63 
1.0 1.0 1.0 
6.666666666666667
2.05 0.54 1.07 
0.66 -0.71 -0.63 
1.0 1.0 1.0 
7.666666666666667
2.05 0.54 1.07 
0.66 -0.71 -0.63 
1.0 1.0 1.0 
8.166666666666666
2.05 0.54 1.07 
0.66 -0.71 -0.63 
1.0 1.0 1.0 
8.666666666666666
2.05 0.54 1.07 
-0.03 0.21 -0.04 
1.0 1.0 1.0 
9.166666666666666
2.05 0.54 1.07 
-0.03 0.21 -0.04 
1.0 1.0 1.0 
10.166666666666666
2.05 0.54 1.07 
-0.03 0.21 -0.04 
1.0 1.0 1.0 
11.166666666666666
2.05 0.54 1.07 
-0.03 0.21 -0.04 
1.0 1.0 1.0 
11.666666666666666
2.05 0.54 1.07 
-0.03 0.21 -0.04 
1.0 1.0 1.0 
12.166666666666666
2.05 0.54 1.07 
-0.03 0.21 -0.04 
1.0 1.0 1.0 
12.666666666666666
2.05 0.54 1.07 
-0.03 0.21 -0.04 
1.0 1.0 1.0 
13.166666666666666
2.05 0.54 1.07 
-0.03 0.21 -0.04 
1.0 1.0 1.0 
13.666666666666666
2.05 0.54 1.07 
-0.03 0.21 -0.04 
1.0 1.0 1.0 
14.166666666666666
2.05 0.54 1.07 
-0.03 0.21 -0.04 
1.0 1.0 1.0 
14.666666666666666
2.05 0.54 1.07 
-0.03 0.21 -0.04 
1.0 1.0 1.0 
15.791666666666666
2.05 0.54 1.07 
-0.32 0.78 -0.28 
1.0 1.0 1.0 
16.25
2.05 0.54 1.07 
-0.02 -0.37 -0.27 
1.0 1.0 1.0 
17.0
2.05 0.54 1.07 
-0.02 -0.37 -0.27 
1.0 1.0 1.0 
17.541666666666668
2.05 0.54 1.07 
-0.02 -0.37 -0.27 
1.0 1.0 1.0 
17.958333333333332
2.05 0.54 1.07 
-0.02 -0.37 -0.27 
1.0 1.0 1.0 
18.166666666666668
2.05 0.54 1.07 
-0.02 -0.37 -0.27 
1.0 1.0 1.0 
18.458333333333332
2.05 0.54 1.07 
-0.02 -0.37 -0.27 
1.0 1.0 1.0 
18.958333333333332
2.05 0.54 1.07 
-0.02 -0.37 -0.27 
1.0 1.0 1.0 
19.666666666666668
2.05 0.54 1.07 
-0.02 -0.37 -0.27 
1.0 1.0 1.0 
