19.833333333333332
0.0
2.48 -0.0 1.31 
0.0 0.0 0.0 
1.0 1.0 1.0 
0.5
2.48 -0.0 1.31 
0.0 0.0 -0.0 
1.0 1.0 1.0 
1.0
2.48 -0.0 1.31 
-0.39 -0.79 0.58 
1.0 1.0 1.0 
1.5
2.48 -0.0 1.31 
-0.11 0.94 -0.14 
1.0 1.0 1.0 
2.0
2.48 -0.0 1.31 
0.0 0.0 0.0 
1.0 1.0 1.0 
2.5
2.48 -0.0 1.31 
0.0 0.0 0.0 
1.0 1.0 1.0 
3.0
2.48 -0.0 1.31 
0.0 0.0 0.0 
1.0 1.0 1.0 
3.5
2.48 -0.0 1.31 
0.0 0.0 0.0 
1.0 1.0 1.0 
4.0
2.48 -0.0 1.31 
-0.04 -0.59 0.09 
1.0 1.0 1.0 
4.5
2.48 -0.0 1.31 
-0.04 -0.59 0.09 
1.0 1.0 1.0 
4.75
2.48 -0.0 1.31 
-0.04 -0.59 0.09 
1.0 1.0 1.0 
5.0
2.48 -0.0 1.31 
-0.04 -0.59 0.09 
1.0 1.0 1.0 
5.666666666666667
2.48 -0.0 1.31 
-0.04 -0.59 0.09 
1.0 1.0 1.0 
6.666666666666667
2.48 -0.0 1.31 
-0.04 -0.59 0.09 
1.0 1.0 1.0 
7.666666666666667
2.48 -0.0 1.31 
-0.04 -0.59 0.09 
1.0 1.0 1.0 
8.166666666666666
2.48 -0.0 1.31 
-0.04 -0.59 0.09 
1.0 1.0 1.0 
8.666666666666666
2.48 -0.0 1.31 
-0.1 0.4 0.44 
1.0 1.0 1.0 
9.166666666666666
2.48 -0.0 1.31 
-0.1 0.4 0.44 
1.0 1.0 1.0 
10.166666666666666
2.48 -0.0 1.31 
-0.08 -0.49 -1.44 
1.0 1.0 1.0 
11.166666666666666
2.48 -0.0 1.31 
-0.03 -0.34 -0.4 
1.0 1.0 1.0 
11.666666666666666
2.48 -0.0 1.31 
-0.03 -0.34 -0.4 
1.0 1.0 1.0 
12.166666666666666
2.48 -0.0 1.31 
0.0 0.0 0.0 
1.0 1.0 1.0 
12.666666666666666
2.48 -0.0 1.31 
0.0 0.0 0.0 
1.0 1.0 1.0 
13.166666666666666
2.48 -0.0 1.31 
0.21 -0.93 0.09 
1.0 1.0 1.0 
13.666666666666666
2.48 -0.0 1.31 
0.21 -0.93 0.09 
1.0 1.0 1.0 
14.166666666666666
2.48 -0.0 1.31 
0.0 0.0 0.0 
1.0 1.0 1.0 
14.666666666666666
2.48 -0.0 1.31 
0.0 0.0 0.0 
1.0 1.0 1.0 
15.791666666666666
2.48 -0.0 1.31 
0.0 0.0 0.0 
1.0 1.0 1.0 
16.25
2.48 -0.0 1.31 
0.0 0.0 0.0 
1.0 1.0 1.0 
17.0
2.48 -0.0 1.31 
0.11 0.57 -0.04 
1.0 1.0 1.0 
17.541666666666668
2.48 -0.0 1.31 
0.11 0.57 -0.04 
1.0 1.0 1.0 
17.958333333333332
2.48 -0.0 1.31 
0.97 0.72 -0.39 
1.0 1.0 1.0 
18.166666666666668
2.48 -0.0 1.31 
1.14 0.93 0.15 
1.0 1.0 1.0 
18.458333333333332
2.48 -0.0 1.31 
1.14 0.93 0.15 
1.0 1.0 1.0 
18.958333333333332
2.48 -0.0 1.31 
1.14 0.93 0.15 
1.0 1.0 1.0 
19.666666666666668
2.48 -0.0 1.31 
1.14 0.93 0.15 
1.0 1.0 1.0 
