5.083333333333333
0.0
2.03 -0.59 1.01 
0.0 0.0 0.0 
1.0 1.0 1.0 
0.5
2.03 -0.59 1.01 
0.0 1.3 0.0 
1.0 1.0 1.0 
1.0
2.03 -0.59 1.01 
0.28 -1.04 -0.59 
1.0 1.0 1.0 
1.5
2.03 -0.59 1.01 
-1.34 0.82 -1.35 
1.0 1.0 1.0 
2.0
2.03 -0.59 1.01 
0.32 -0.41 -0.81 
1.0 1.0 1.0 
2.5
2.03 -0.59 1.01 
0.63 -0.63 -0.97 
1.0 1.0 1.0 
3.0
2.03 -0.59 1.01 
-0.74 0.61 -0.94 
1.0 1.0 1.0 
3.5
2.03 -0.59 1.01 
-0.74 0.61 -0.94 
1.0 1.0 1.0 
4.0
2.03 -0.59 1.01 
-0.07 -0.0 -0.73 
1.0 1.0 1.0 
4.5
2.03 -0.59 1.01 
-0.07 -0.0 -0.73 
1.0 1.0 1.0 
5.0
2.03 -0.59 1.01 
-0.07 -0.0 -0.73 
1.0 1.0 1.0 
