5.083333333333333
0.0
1.06 -0.69 1.51 
0.0 -0.0 0.0 
1.0 1.0 1.0 
0.5
1.06 -0.69 1.51 
-0.84 -0.75 -0.1 
1.0 1.0 1.0 
1.0
1.06 -0.69 1.51 
1.04 0.83 -0.96 
1.0 1.0 1.0 
1.5
1.06 -0.69 1.51 
-0.6 -0.48 0.05 
1.0 1.0 1.0 
2.0
1.06 -0.69 1.51 
1.22 0.45 -0.72 
1.0 1.0 1.0 
2.5
1.06 -0.69 1.51 
-0.41 0.87 0.07 
1.0 1.0 1.0 
3.0
1.06 -0.69 1.51 
-1.13 0.5 -1.52 
1.0 1.0 1.0 
3.5
1.06 -0.69 1.51 
0.21 0.07 -1.08 
1.0 1.0 1.0 
4.0
1.06 -0.69 1.51 
-0.46 0.43 -0.34 
1.0 1.0 1.0 
4.5
1.44 -0.54 1.35 
-0.09 0.27 0.55 
1.0 1.0 1.0 
5.0
1.07 -0.7 1.48 
-0.27 0.13 0.29 
1.0 1.0 1.0 
