5.083333333333333
0.0
2.05 0.54 1.07 
0.0 0.0 0.0 
1.0 1.0 1.0 
0.5
2.05 0.54 1.07 
0.0 -0.92 -0.0 
1.0 1.0 1.0 
1.0
2.05 0.54 1.07 
0.28 0.42 0.14 
1.0 1.0 1.0 
1.5
2.05 0.54 1.07 
-0.23 -0.76 0.62 
1.0 1.0 1.0 
2.0
2.05 0.54 1.07 
0.39 0.34 0.46 
1.0 1.0 1.0 
2.5
2.05 0.54 1.07 
-0.12 -0.63 0.55 
1.0 1.0 1.0 
3.0
2.05 0.54 1.07 
0.62 0.69 0.58 
1.0 1.0 1.0 
3.5
2.05 0.54 1.07 
0.62 0.69 0.58 
1.0 1.0 1.0 
4.0
2.05 0.54 1.07 
0.27 0.11 0.44 
1.0 1.0 1.0 
4.5
2.05 0.54 1.07 
0.27 0.11 0.44 
1.0 1.0 1.0 
5.0
2.05 0.54 1.07 
0.27 0.11 0.44 
1.0 1.0 1.0 
