5.083333333333333
0.0
2.48 -0.0 1.31 
0.0 0.0 0.0 
1.0 1.0 1.0 
0.5
2.48 -0.0 1.31 
0.0 -0.95 -0.0 
1.0 1.0 1.0 
1.0
2.48 -0.0 1.31 
0.0 -0.95 -0.0 
1.0 1.0 1.0 
1.5
2.48 -0.0 1.31 
0.0 0.87 0.0 
1.0 1.0 1.0 
2.0
2.48 -0.0 1.31 
0.0 -0.26 -0.0 
1.0 1.0 1.0 
2.5
2.48 -0.0 1.31 
0.0 0.6 0.0 
1.0 1.0 1.0 
3.0
2.48 -0.0 1.31 
0.0 -0.55 -0.0 
1.0 1.0 1.0 
3.5
2.48 -0.0 1.31 
0.0 -0.04 -0.0 
1.0 1.0 1.0 
4.0
2.48 -0.0 1.31 
0.0 0.29 0.0 
1.0 1.0 1.0 
4.5
2.48 -0.0 1.31 
0.0 0.29 0.0 
1.0 1.0 1.0 
5.0
2.48 -0.0 1.31 
0.0 0.29 0.0 
1.0 1.0 1.0 
