5.083333333333333
0.0
0.58 0.47 1.13 
0.0 0.0 -0.0 
1.0 1.0 1.0 
0.5
0.58 0.47 1.13 
0.0 -0.99 -0.0 
1.0 1.0 1.0 
1.0
0.58 0.47 1.13 
0.22 0.15 0.08 
1.0 1.0 1.0 
1.5
0.58 0.47 1.13 
0.06 -1.11 0.17 
1.0 1.0 1.0 
2.0
0.58 0.47 1.13 
0.25 0.49 0.08 
1.0 1.0 1.0 
2.5
0.58 0.47 1.13 
0.15 -0.68 0.1 
1.0 1.0 1.0 
3.0
0.58 0.47 1.13 
0.29 0.84 0.11 
1.0 1.0 1.0 
3.5
0.58 0.47 1.13 
0.29 0.84 0.11 
1.0 1.0 1.0 
4.0
0.58 0.47 1.13 
0.21 0.05 0.07 
1.0 1.0 1.0 
4.5
0.58 0.47 1.13 
0.21 0.05 0.07 
1.0 1.0 1.0 
5.0
0.58 0.47 1.13 
0.21 0.05 0.07 
1.0 1.0 1.0 
