5.083333333333333
0.0
1.05 0.41 1.33 
0.0 -0.0 0.0 
1.0 1.0 1.0 
0.5
1.05 0.41 1.33 
0.65 -0.78 0.08 
1.0 1.0 1.0 
1.0
1.05 0.41 1.33 
-1.07 0.63 1.08 
1.0 1.0 1.0 
1.5
1.05 0.41 1.33 
0.37 -0.59 -0.09 
1.0 1.0 1.0 
2.0
1.05 0.41 1.33 
-1.31 0.33 0.85 
1.0 1.0 1.0 
2.5
1.05 0.41 1.33 
0.35 0.88 0.21 
1.0 1.0 1.0 
3.0
1.05 0.41 1.33 
1.11 0.88 1.67 
1.0 1.0 1.0 
3.5
1.05 0.41 1.33 
-0.15 0.47 0.8 
1.0 1.0 1.0 
4.0
1.05 0.41 1.33 
0.28 0.47 0.21 
1.0 1.0 1.0 
4.5
0.67 0.26 1.49 
0.51 0.16 1.04 
1.0 1.0 1.0 
5.0
1.05 0.42 1.36 
0.37 0.26 -0.05 
1.0 1.0 1.0 
