5.083333333333333
0.0
0.53 -0.61 1.1 
0.0 0.0 0.0 
1.0 1.0 1.0 
0.5
0.53 -0.61 1.1 
0.0 1.06 0.0 
1.0 1.0 1.0 
1.0
0.53 -0.61 1.1 
-0.0 -1.08 0.0 
1.0 1.0 1.0 
1.5
0.53 -0.61 1.1 
-0.47 0.85 -0.67 
1.0 1.0 1.0 
2.0
0.53 -0.61 1.1 
0.35 -0.55 -0.5 
1.0 1.0 1.0 
2.5
0.53 -0.61 1.1 
0.43 -0.66 -0.55 
1.0 1.0 1.0 
3.0
0.53 -0.61 1.1 
-0.68 0.99 -0.84 
1.0 1.0 1.0 
3.5
0.53 -0.61 1.1 
-0.68 0.99 -0.84 
1.0 1.0 1.0 
4.0
0.53 -0.61 1.1 
-0.0 0.16 -0.43 
1.0 1.0 1.0 
4.5
0.53 -0.61 1.1 
-0.0 0.16 -0.43 
1.0 1.0 1.0 
5.0
0.53 -0.61 1.1 
-0.0 0.16 -0.43 
1.0 1.0 1.0 
