5.083333333333333
0.0
0.0 -0.0 0.0 
0.0 -0.0 -0.0 
1.0 1.0 1.0 
0.5
-8.78 -0.0 5.25 
0.0 0.88 0.0 
1.0 1.0 1.0 
1.0
-12.4 -0.0 10.86 
0.0 1.23 0.0 
1.0 1.0 1.0 
1.5
-7.86 -0.0 18.15 
-0.0 2.32 -0.0 
1.0 1.0 1.0 
2.0
0.83 -0.0 24.67 
-0.0 2.91 -0.0 
1.0 1.0 1.0 
2.5
9.53 -0.0 19.24 
-0.0 4.4 0.0 
1.0 1.0 1.0 
3.0
6.34 -0.0 9.03 
-0.0 4.4 0.0 
1.0 1.0 1.0 
3.5
1.87 -0.0 1.48 
0.0 5.57 -0.0 
1.0 1.0 1.0 
4.0
-4.87 0.0 0.0 
0.0 6.2 -0.0 
1.0 1.0 1.0 
4.5
-4.87 0.0 0.0 
0.0 6.2 -0.0 
1.0 1.0 1.0 
5.0
-4.87 0.0 0.0 
0.0 6.2 -0.0 
1.0 1.0 1.0 
